896
0 1 3 1000000 2
1 0 3 1000000 2
2 3 3 1000000 2
3 2 3 1000000 2
4 5 3 1000000 2
5 4 3 1000000 2
6 7 3 1000000 2
7 6 3 1000000 2
8 9 3 1000000 2
9 8 3 1000000 2
10 11 3 1000000 2
11 10 3 1000000 2
12 13 3 1000000 2
13 12 3 1000000 2
14 15 3 1000000 2
15 14 3 1000000 2
16 17 3 1000000 2
17 16 3 1000000 2
18 19 3 1000000 2
19 18 3 1000000 2
20 21 3 1000000 2
21 20 3 1000000 2
22 23 3 1000000 2
23 22 3 1000000 2
24 25 3 1000000 2
25 24 3 1000000 2
26 27 3 1000000 2
27 26 3 1000000 2
28 29 3 1000000 2
29 28 3 1000000 2
30 31 3 1000000 2
31 30 3 1000000 2
32 33 3 1000000 2
33 32 3 1000000 2
34 35 3 1000000 2
35 34 3 1000000 2
36 37 3 1000000 2
37 36 3 1000000 2
38 39 3 1000000 2
39 38 3 1000000 2
40 41 3 1000000 2
41 40 3 1000000 2
42 43 3 1000000 2
43 42 3 1000000 2
44 45 3 1000000 2
45 44 3 1000000 2
46 47 3 1000000 2
47 46 3 1000000 2
48 49 3 1000000 2
49 48 3 1000000 2
50 51 3 1000000 2
51 50 3 1000000 2
52 53 3 1000000 2
53 52 3 1000000 2
54 55 3 1000000 2
55 54 3 1000000 2
56 57 3 1000000 2
57 56 3 1000000 2
58 59 3 1000000 2
59 58 3 1000000 2
60 61 3 1000000 2
61 60 3 1000000 2
62 63 3 1000000 2
63 62 3 1000000 2
64 65 3 1000000 2
65 64 3 1000000 2
66 67 3 1000000 2
67 66 3 1000000 2
68 69 3 1000000 2
69 68 3 1000000 2
70 71 3 1000000 2
71 70 3 1000000 2
72 73 3 1000000 2
73 72 3 1000000 2
74 75 3 1000000 2
75 74 3 1000000 2
76 77 3 1000000 2
77 76 3 1000000 2
78 79 3 1000000 2
79 78 3 1000000 2
80 81 3 1000000 2
81 80 3 1000000 2
82 83 3 1000000 2
83 82 3 1000000 2
84 85 3 1000000 2
85 84 3 1000000 2
86 87 3 1000000 2
87 86 3 1000000 2
88 89 3 1000000 2
89 88 3 1000000 2
90 91 3 1000000 2
91 90 3 1000000 2
92 93 3 1000000 2
93 92 3 1000000 2
94 95 3 1000000 2
95 94 3 1000000 2
96 97 3 1000000 2
97 96 3 1000000 2
98 99 3 1000000 2
99 98 3 1000000 2
100 101 3 1000000 2
101 100 3 1000000 2
102 103 3 1000000 2
103 102 3 1000000 2
104 105 3 1000000 2
105 104 3 1000000 2
106 107 3 1000000 2
107 106 3 1000000 2
108 109 3 1000000 2
109 108 3 1000000 2
110 111 3 1000000 2
111 110 3 1000000 2
112 113 3 1000000 2
113 112 3 1000000 2
114 115 3 1000000 2
115 114 3 1000000 2
116 117 3 1000000 2
117 116 3 1000000 2
118 119 3 1000000 2
119 118 3 1000000 2
120 121 3 1000000 2
121 120 3 1000000 2
122 123 3 1000000 2
123 122 3 1000000 2
124 125 3 1000000 2
125 124 3 1000000 2
126 127 3 1000000 2
127 126 3 1000000 2
0 2 3 2000000 2
2 0 3 2000000 2
1 3 3 2000000 2
3 1 3 2000000 2
4 6 3 2000000 2
6 4 3 2000000 2
5 7 3 2000000 2
7 5 3 2000000 2
8 10 3 2000000 2
10 8 3 2000000 2
9 11 3 2000000 2
11 9 3 2000000 2
12 14 3 2000000 2
14 12 3 2000000 2
13 15 3 2000000 2
15 13 3 2000000 2
16 18 3 2000000 2
18 16 3 2000000 2
17 19 3 2000000 2
19 17 3 2000000 2
20 22 3 2000000 2
22 20 3 2000000 2
21 23 3 2000000 2
23 21 3 2000000 2
24 26 3 2000000 2
26 24 3 2000000 2
25 27 3 2000000 2
27 25 3 2000000 2
28 30 3 2000000 2
30 28 3 2000000 2
29 31 3 2000000 2
31 29 3 2000000 2
32 34 3 2000000 2
34 32 3 2000000 2
33 35 3 2000000 2
35 33 3 2000000 2
36 38 3 2000000 2
38 36 3 2000000 2
37 39 3 2000000 2
39 37 3 2000000 2
40 42 3 2000000 2
42 40 3 2000000 2
41 43 3 2000000 2
43 41 3 2000000 2
44 46 3 2000000 2
46 44 3 2000000 2
45 47 3 2000000 2
47 45 3 2000000 2
48 50 3 2000000 2
50 48 3 2000000 2
49 51 3 2000000 2
51 49 3 2000000 2
52 54 3 2000000 2
54 52 3 2000000 2
53 55 3 2000000 2
55 53 3 2000000 2
56 58 3 2000000 2
58 56 3 2000000 2
57 59 3 2000000 2
59 57 3 2000000 2
60 62 3 2000000 2
62 60 3 2000000 2
61 63 3 2000000 2
63 61 3 2000000 2
64 66 3 2000000 2
66 64 3 2000000 2
65 67 3 2000000 2
67 65 3 2000000 2
68 70 3 2000000 2
70 68 3 2000000 2
69 71 3 2000000 2
71 69 3 2000000 2
72 74 3 2000000 2
74 72 3 2000000 2
73 75 3 2000000 2
75 73 3 2000000 2
76 78 3 2000000 2
78 76 3 2000000 2
77 79 3 2000000 2
79 77 3 2000000 2
80 82 3 2000000 2
82 80 3 2000000 2
81 83 3 2000000 2
83 81 3 2000000 2
84 86 3 2000000 2
86 84 3 2000000 2
85 87 3 2000000 2
87 85 3 2000000 2
88 90 3 2000000 2
90 88 3 2000000 2
89 91 3 2000000 2
91 89 3 2000000 2
92 94 3 2000000 2
94 92 3 2000000 2
93 95 3 2000000 2
95 93 3 2000000 2
96 98 3 2000000 2
98 96 3 2000000 2
97 99 3 2000000 2
99 97 3 2000000 2
100 102 3 2000000 2
102 100 3 2000000 2
101 103 3 2000000 2
103 101 3 2000000 2
104 106 3 2000000 2
106 104 3 2000000 2
105 107 3 2000000 2
107 105 3 2000000 2
108 110 3 2000000 2
110 108 3 2000000 2
109 111 3 2000000 2
111 109 3 2000000 2
112 114 3 2000000 2
114 112 3 2000000 2
113 115 3 2000000 2
115 113 3 2000000 2
116 118 3 2000000 2
118 116 3 2000000 2
117 119 3 2000000 2
119 117 3 2000000 2
120 122 3 2000000 2
122 120 3 2000000 2
121 123 3 2000000 2
123 121 3 2000000 2
124 126 3 2000000 2
126 124 3 2000000 2
125 127 3 2000000 2
127 125 3 2000000 2
0 4 3 4000000 2
4 0 3 4000000 2
1 5 3 4000000 2
5 1 3 4000000 2
2 6 3 4000000 2
6 2 3 4000000 2
3 7 3 4000000 2
7 3 3 4000000 2
8 12 3 4000000 2
12 8 3 4000000 2
9 13 3 4000000 2
13 9 3 4000000 2
10 14 3 4000000 2
14 10 3 4000000 2
11 15 3 4000000 2
15 11 3 4000000 2
16 20 3 4000000 2
20 16 3 4000000 2
17 21 3 4000000 2
21 17 3 4000000 2
18 22 3 4000000 2
22 18 3 4000000 2
19 23 3 4000000 2
23 19 3 4000000 2
24 28 3 4000000 2
28 24 3 4000000 2
25 29 3 4000000 2
29 25 3 4000000 2
26 30 3 4000000 2
30 26 3 4000000 2
27 31 3 4000000 2
31 27 3 4000000 2
32 36 3 4000000 2
36 32 3 4000000 2
33 37 3 4000000 2
37 33 3 4000000 2
34 38 3 4000000 2
38 34 3 4000000 2
35 39 3 4000000 2
39 35 3 4000000 2
40 44 3 4000000 2
44 40 3 4000000 2
41 45 3 4000000 2
45 41 3 4000000 2
42 46 3 4000000 2
46 42 3 4000000 2
43 47 3 4000000 2
47 43 3 4000000 2
48 52 3 4000000 2
52 48 3 4000000 2
49 53 3 4000000 2
53 49 3 4000000 2
50 54 3 4000000 2
54 50 3 4000000 2
51 55 3 4000000 2
55 51 3 4000000 2
56 60 3 4000000 2
60 56 3 4000000 2
57 61 3 4000000 2
61 57 3 4000000 2
58 62 3 4000000 2
62 58 3 4000000 2
59 63 3 4000000 2
63 59 3 4000000 2
64 68 3 4000000 2
68 64 3 4000000 2
65 69 3 4000000 2
69 65 3 4000000 2
66 70 3 4000000 2
70 66 3 4000000 2
67 71 3 4000000 2
71 67 3 4000000 2
72 76 3 4000000 2
76 72 3 4000000 2
73 77 3 4000000 2
77 73 3 4000000 2
74 78 3 4000000 2
78 74 3 4000000 2
75 79 3 4000000 2
79 75 3 4000000 2
80 84 3 4000000 2
84 80 3 4000000 2
81 85 3 4000000 2
85 81 3 4000000 2
82 86 3 4000000 2
86 82 3 4000000 2
83 87 3 4000000 2
87 83 3 4000000 2
88 92 3 4000000 2
92 88 3 4000000 2
89 93 3 4000000 2
93 89 3 4000000 2
90 94 3 4000000 2
94 90 3 4000000 2
91 95 3 4000000 2
95 91 3 4000000 2
96 100 3 4000000 2
100 96 3 4000000 2
97 101 3 4000000 2
101 97 3 4000000 2
98 102 3 4000000 2
102 98 3 4000000 2
99 103 3 4000000 2
103 99 3 4000000 2
104 108 3 4000000 2
108 104 3 4000000 2
105 109 3 4000000 2
109 105 3 4000000 2
106 110 3 4000000 2
110 106 3 4000000 2
107 111 3 4000000 2
111 107 3 4000000 2
112 116 3 4000000 2
116 112 3 4000000 2
113 117 3 4000000 2
117 113 3 4000000 2
114 118 3 4000000 2
118 114 3 4000000 2
115 119 3 4000000 2
119 115 3 4000000 2
120 124 3 4000000 2
124 120 3 4000000 2
121 125 3 4000000 2
125 121 3 4000000 2
122 126 3 4000000 2
126 122 3 4000000 2
123 127 3 4000000 2
127 123 3 4000000 2
0 8 3 8000000 2
8 0 3 8000000 2
1 9 3 8000000 2
9 1 3 8000000 2
2 10 3 8000000 2
10 2 3 8000000 2
3 11 3 8000000 2
11 3 3 8000000 2
4 12 3 8000000 2
12 4 3 8000000 2
5 13 3 8000000 2
13 5 3 8000000 2
6 14 3 8000000 2
14 6 3 8000000 2
7 15 3 8000000 2
15 7 3 8000000 2
16 24 3 8000000 2
24 16 3 8000000 2
17 25 3 8000000 2
25 17 3 8000000 2
18 26 3 8000000 2
26 18 3 8000000 2
19 27 3 8000000 2
27 19 3 8000000 2
20 28 3 8000000 2
28 20 3 8000000 2
21 29 3 8000000 2
29 21 3 8000000 2
22 30 3 8000000 2
30 22 3 8000000 2
23 31 3 8000000 2
31 23 3 8000000 2
32 40 3 8000000 2
40 32 3 8000000 2
33 41 3 8000000 2
41 33 3 8000000 2
34 42 3 8000000 2
42 34 3 8000000 2
35 43 3 8000000 2
43 35 3 8000000 2
36 44 3 8000000 2
44 36 3 8000000 2
37 45 3 8000000 2
45 37 3 8000000 2
38 46 3 8000000 2
46 38 3 8000000 2
39 47 3 8000000 2
47 39 3 8000000 2
48 56 3 8000000 2
56 48 3 8000000 2
49 57 3 8000000 2
57 49 3 8000000 2
50 58 3 8000000 2
58 50 3 8000000 2
51 59 3 8000000 2
59 51 3 8000000 2
52 60 3 8000000 2
60 52 3 8000000 2
53 61 3 8000000 2
61 53 3 8000000 2
54 62 3 8000000 2
62 54 3 8000000 2
55 63 3 8000000 2
63 55 3 8000000 2
64 72 3 8000000 2
72 64 3 8000000 2
65 73 3 8000000 2
73 65 3 8000000 2
66 74 3 8000000 2
74 66 3 8000000 2
67 75 3 8000000 2
75 67 3 8000000 2
68 76 3 8000000 2
76 68 3 8000000 2
69 77 3 8000000 2
77 69 3 8000000 2
70 78 3 8000000 2
78 70 3 8000000 2
71 79 3 8000000 2
79 71 3 8000000 2
80 88 3 8000000 2
88 80 3 8000000 2
81 89 3 8000000 2
89 81 3 8000000 2
82 90 3 8000000 2
90 82 3 8000000 2
83 91 3 8000000 2
91 83 3 8000000 2
84 92 3 8000000 2
92 84 3 8000000 2
85 93 3 8000000 2
93 85 3 8000000 2
86 94 3 8000000 2
94 86 3 8000000 2
87 95 3 8000000 2
95 87 3 8000000 2
96 104 3 8000000 2
104 96 3 8000000 2
97 105 3 8000000 2
105 97 3 8000000 2
98 106 3 8000000 2
106 98 3 8000000 2
99 107 3 8000000 2
107 99 3 8000000 2
100 108 3 8000000 2
108 100 3 8000000 2
101 109 3 8000000 2
109 101 3 8000000 2
102 110 3 8000000 2
110 102 3 8000000 2
103 111 3 8000000 2
111 103 3 8000000 2
112 120 3 8000000 2
120 112 3 8000000 2
113 121 3 8000000 2
121 113 3 8000000 2
114 122 3 8000000 2
122 114 3 8000000 2
115 123 3 8000000 2
123 115 3 8000000 2
116 124 3 8000000 2
124 116 3 8000000 2
117 125 3 8000000 2
125 117 3 8000000 2
118 126 3 8000000 2
126 118 3 8000000 2
119 127 3 8000000 2
127 119 3 8000000 2
0 16 3 16000000 2
16 0 3 16000000 2
1 17 3 16000000 2
17 1 3 16000000 2
2 18 3 16000000 2
18 2 3 16000000 2
3 19 3 16000000 2
19 3 3 16000000 2
4 20 3 16000000 2
20 4 3 16000000 2
5 21 3 16000000 2
21 5 3 16000000 2
6 22 3 16000000 2
22 6 3 16000000 2
7 23 3 16000000 2
23 7 3 16000000 2
8 24 3 16000000 2
24 8 3 16000000 2
9 25 3 16000000 2
25 9 3 16000000 2
10 26 3 16000000 2
26 10 3 16000000 2
11 27 3 16000000 2
27 11 3 16000000 2
12 28 3 16000000 2
28 12 3 16000000 2
13 29 3 16000000 2
29 13 3 16000000 2
14 30 3 16000000 2
30 14 3 16000000 2
15 31 3 16000000 2
31 15 3 16000000 2
32 48 3 16000000 2
48 32 3 16000000 2
33 49 3 16000000 2
49 33 3 16000000 2
34 50 3 16000000 2
50 34 3 16000000 2
35 51 3 16000000 2
51 35 3 16000000 2
36 52 3 16000000 2
52 36 3 16000000 2
37 53 3 16000000 2
53 37 3 16000000 2
38 54 3 16000000 2
54 38 3 16000000 2
39 55 3 16000000 2
55 39 3 16000000 2
40 56 3 16000000 2
56 40 3 16000000 2
41 57 3 16000000 2
57 41 3 16000000 2
42 58 3 16000000 2
58 42 3 16000000 2
43 59 3 16000000 2
59 43 3 16000000 2
44 60 3 16000000 2
60 44 3 16000000 2
45 61 3 16000000 2
61 45 3 16000000 2
46 62 3 16000000 2
62 46 3 16000000 2
47 63 3 16000000 2
63 47 3 16000000 2
64 80 3 16000000 2
80 64 3 16000000 2
65 81 3 16000000 2
81 65 3 16000000 2
66 82 3 16000000 2
82 66 3 16000000 2
67 83 3 16000000 2
83 67 3 16000000 2
68 84 3 16000000 2
84 68 3 16000000 2
69 85 3 16000000 2
85 69 3 16000000 2
70 86 3 16000000 2
86 70 3 16000000 2
71 87 3 16000000 2
87 71 3 16000000 2
72 88 3 16000000 2
88 72 3 16000000 2
73 89 3 16000000 2
89 73 3 16000000 2
74 90 3 16000000 2
90 74 3 16000000 2
75 91 3 16000000 2
91 75 3 16000000 2
76 92 3 16000000 2
92 76 3 16000000 2
77 93 3 16000000 2
93 77 3 16000000 2
78 94 3 16000000 2
94 78 3 16000000 2
79 95 3 16000000 2
95 79 3 16000000 2
96 112 3 16000000 2
112 96 3 16000000 2
97 113 3 16000000 2
113 97 3 16000000 2
98 114 3 16000000 2
114 98 3 16000000 2
99 115 3 16000000 2
115 99 3 16000000 2
100 116 3 16000000 2
116 100 3 16000000 2
101 117 3 16000000 2
117 101 3 16000000 2
102 118 3 16000000 2
118 102 3 16000000 2
103 119 3 16000000 2
119 103 3 16000000 2
104 120 3 16000000 2
120 104 3 16000000 2
105 121 3 16000000 2
121 105 3 16000000 2
106 122 3 16000000 2
122 106 3 16000000 2
107 123 3 16000000 2
123 107 3 16000000 2
108 124 3 16000000 2
124 108 3 16000000 2
109 125 3 16000000 2
125 109 3 16000000 2
110 126 3 16000000 2
126 110 3 16000000 2
111 127 3 16000000 2
127 111 3 16000000 2
0 32 3 32000000 2
32 0 3 32000000 2
1 33 3 32000000 2
33 1 3 32000000 2
2 34 3 32000000 2
34 2 3 32000000 2
3 35 3 32000000 2
35 3 3 32000000 2
4 36 3 32000000 2
36 4 3 32000000 2
5 37 3 32000000 2
37 5 3 32000000 2
6 38 3 32000000 2
38 6 3 32000000 2
7 39 3 32000000 2
39 7 3 32000000 2
8 40 3 32000000 2
40 8 3 32000000 2
9 41 3 32000000 2
41 9 3 32000000 2
10 42 3 32000000 2
42 10 3 32000000 2
11 43 3 32000000 2
43 11 3 32000000 2
12 44 3 32000000 2
44 12 3 32000000 2
13 45 3 32000000 2
45 13 3 32000000 2
14 46 3 32000000 2
46 14 3 32000000 2
15 47 3 32000000 2
47 15 3 32000000 2
16 48 3 32000000 2
48 16 3 32000000 2
17 49 3 32000000 2
49 17 3 32000000 2
18 50 3 32000000 2
50 18 3 32000000 2
19 51 3 32000000 2
51 19 3 32000000 2
20 52 3 32000000 2
52 20 3 32000000 2
21 53 3 32000000 2
53 21 3 32000000 2
22 54 3 32000000 2
54 22 3 32000000 2
23 55 3 32000000 2
55 23 3 32000000 2
24 56 3 32000000 2
56 24 3 32000000 2
25 57 3 32000000 2
57 25 3 32000000 2
26 58 3 32000000 2
58 26 3 32000000 2
27 59 3 32000000 2
59 27 3 32000000 2
28 60 3 32000000 2
60 28 3 32000000 2
29 61 3 32000000 2
61 29 3 32000000 2
30 62 3 32000000 2
62 30 3 32000000 2
31 63 3 32000000 2
63 31 3 32000000 2
64 96 3 32000000 2
96 64 3 32000000 2
65 97 3 32000000 2
97 65 3 32000000 2
66 98 3 32000000 2
98 66 3 32000000 2
67 99 3 32000000 2
99 67 3 32000000 2
68 100 3 32000000 2
100 68 3 32000000 2
69 101 3 32000000 2
101 69 3 32000000 2
70 102 3 32000000 2
102 70 3 32000000 2
71 103 3 32000000 2
103 71 3 32000000 2
72 104 3 32000000 2
104 72 3 32000000 2
73 105 3 32000000 2
105 73 3 32000000 2
74 106 3 32000000 2
106 74 3 32000000 2
75 107 3 32000000 2
107 75 3 32000000 2
76 108 3 32000000 2
108 76 3 32000000 2
77 109 3 32000000 2
109 77 3 32000000 2
78 110 3 32000000 2
110 78 3 32000000 2
79 111 3 32000000 2
111 79 3 32000000 2
80 112 3 32000000 2
112 80 3 32000000 2
81 113 3 32000000 2
113 81 3 32000000 2
82 114 3 32000000 2
114 82 3 32000000 2
83 115 3 32000000 2
115 83 3 32000000 2
84 116 3 32000000 2
116 84 3 32000000 2
85 117 3 32000000 2
117 85 3 32000000 2
86 118 3 32000000 2
118 86 3 32000000 2
87 119 3 32000000 2
119 87 3 32000000 2
88 120 3 32000000 2
120 88 3 32000000 2
89 121 3 32000000 2
121 89 3 32000000 2
90 122 3 32000000 2
122 90 3 32000000 2
91 123 3 32000000 2
123 91 3 32000000 2
92 124 3 32000000 2
124 92 3 32000000 2
93 125 3 32000000 2
125 93 3 32000000 2
94 126 3 32000000 2
126 94 3 32000000 2
95 127 3 32000000 2
127 95 3 32000000 2
0 64 3 64000000 2
64 0 3 64000000 2
1 65 3 64000000 2
65 1 3 64000000 2
2 66 3 64000000 2
66 2 3 64000000 2
3 67 3 64000000 2
67 3 3 64000000 2
4 68 3 64000000 2
68 4 3 64000000 2
5 69 3 64000000 2
69 5 3 64000000 2
6 70 3 64000000 2
70 6 3 64000000 2
7 71 3 64000000 2
71 7 3 64000000 2
8 72 3 64000000 2
72 8 3 64000000 2
9 73 3 64000000 2
73 9 3 64000000 2
10 74 3 64000000 2
74 10 3 64000000 2
11 75 3 64000000 2
75 11 3 64000000 2
12 76 3 64000000 2
76 12 3 64000000 2
13 77 3 64000000 2
77 13 3 64000000 2
14 78 3 64000000 2
78 14 3 64000000 2
15 79 3 64000000 2
79 15 3 64000000 2
16 80 3 64000000 2
80 16 3 64000000 2
17 81 3 64000000 2
81 17 3 64000000 2
18 82 3 64000000 2
82 18 3 64000000 2
19 83 3 64000000 2
83 19 3 64000000 2
20 84 3 64000000 2
84 20 3 64000000 2
21 85 3 64000000 2
85 21 3 64000000 2
22 86 3 64000000 2
86 22 3 64000000 2
23 87 3 64000000 2
87 23 3 64000000 2
24 88 3 64000000 2
88 24 3 64000000 2
25 89 3 64000000 2
89 25 3 64000000 2
26 90 3 64000000 2
90 26 3 64000000 2
27 91 3 64000000 2
91 27 3 64000000 2
28 92 3 64000000 2
92 28 3 64000000 2
29 93 3 64000000 2
93 29 3 64000000 2
30 94 3 64000000 2
94 30 3 64000000 2
31 95 3 64000000 2
95 31 3 64000000 2
32 96 3 64000000 2
96 32 3 64000000 2
33 97 3 64000000 2
97 33 3 64000000 2
34 98 3 64000000 2
98 34 3 64000000 2
35 99 3 64000000 2
99 35 3 64000000 2
36 100 3 64000000 2
100 36 3 64000000 2
37 101 3 64000000 2
101 37 3 64000000 2
38 102 3 64000000 2
102 38 3 64000000 2
39 103 3 64000000 2
103 39 3 64000000 2
40 104 3 64000000 2
104 40 3 64000000 2
41 105 3 64000000 2
105 41 3 64000000 2
42 106 3 64000000 2
106 42 3 64000000 2
43 107 3 64000000 2
107 43 3 64000000 2
44 108 3 64000000 2
108 44 3 64000000 2
45 109 3 64000000 2
109 45 3 64000000 2
46 110 3 64000000 2
110 46 3 64000000 2
47 111 3 64000000 2
111 47 3 64000000 2
48 112 3 64000000 2
112 48 3 64000000 2
49 113 3 64000000 2
113 49 3 64000000 2
50 114 3 64000000 2
114 50 3 64000000 2
51 115 3 64000000 2
115 51 3 64000000 2
52 116 3 64000000 2
116 52 3 64000000 2
53 117 3 64000000 2
117 53 3 64000000 2
54 118 3 64000000 2
118 54 3 64000000 2
55 119 3 64000000 2
119 55 3 64000000 2
56 120 3 64000000 2
120 56 3 64000000 2
57 121 3 64000000 2
121 57 3 64000000 2
58 122 3 64000000 2
122 58 3 64000000 2
59 123 3 64000000 2
123 59 3 64000000 2
60 124 3 64000000 2
124 60 3 64000000 2
61 125 3 64000000 2
125 61 3 64000000 2
62 126 3 64000000 2
126 62 3 64000000 2
63 127 3 64000000 2
127 63 3 64000000 2