192
0 34 3 20971520 2
0 93 3 20971520 2
0 87 3 20971520 2
1 89 3 20971520 2
1 60 3 20971520 2
1 38 3 20971520 2
2 12 3 20971520 2
2 88 3 20971520 2
2 106 3 20971520 2
3 91 3 20971520 2
3 5 3 20971520 2
3 26 3 20971520 2
4 116 3 20971520 2
4 77 3 20971520 2
4 122 3 20971520 2
5 71 3 20971520 2
5 98 3 20971520 2
5 92 3 20971520 2
6 70 3 20971520 2
6 110 3 20971520 2
6 1 3 20971520 2
7 31 3 20971520 2
7 11 3 20971520 2
7 108 3 20971520 2
8 43 3 20971520 2
8 126 3 20971520 2
8 103 3 20971520 2
9 73 3 20971520 2
9 16 3 20971520 2
9 122 3 20971520 2
10 86 3 20971520 2
10 30 3 20971520 2
10 52 3 20971520 2
11 70 3 20971520 2
11 17 3 20971520 2
11 109 3 20971520 2
12 102 3 20971520 2
12 87 3 20971520 2
12 22 3 20971520 2
13 114 3 20971520 2
13 32 3 20971520 2
13 60 3 20971520 2
14 21 3 20971520 2
14 122 3 20971520 2
14 58 3 20971520 2
15 16 3 20971520 2
15 119 3 20971520 2
15 88 3 20971520 2
16 123 3 20971520 2
16 109 3 20971520 2
16 75 3 20971520 2
17 7 3 20971520 2
17 47 3 20971520 2
17 76 3 20971520 2
18 82 3 20971520 2
18 63 3 20971520 2
18 49 3 20971520 2
19 58 3 20971520 2
19 89 3 20971520 2
19 118 3 20971520 2
20 113 3 20971520 2
20 4 3 20971520 2
20 71 3 20971520 2
21 29 3 20971520 2
21 110 3 20971520 2
21 34 3 20971520 2
22 62 3 20971520 2
22 23 3 20971520 2
22 24 3 20971520 2
23 61 3 20971520 2
23 10 3 20971520 2
23 6 3 20971520 2
24 34 3 20971520 2
24 69 3 20971520 2
24 99 3 20971520 2
25 80 3 20971520 2
25 120 3 20971520 2
25 117 3 20971520 2
26 40 3 20971520 2
26 115 3 20971520 2
26 110 3 20971520 2
27 63 3 20971520 2
27 125 3 20971520 2
27 118 3 20971520 2
28 65 3 20971520 2
28 121 3 20971520 2
28 68 3 20971520 2
29 105 3 20971520 2
29 8 3 20971520 2
29 83 3 20971520 2
30 119 3 20971520 2
30 57 3 20971520 2
30 70 3 20971520 2
31 106 3 20971520 2
31 0 3 20971520 2
31 14 3 20971520 2
32 80 3 20971520 2
32 22 3 20971520 2
32 14 3 20971520 2
33 106 3 20971520 2
33 97 3 20971520 2
33 106 3 20971520 2
34 120 3 20971520 2
34 44 3 20971520 2
34 44 3 20971520 2
35 13 3 20971520 2
35 81 3 20971520 2
35 13 3 20971520 2
36 51 3 20971520 2
36 77 3 20971520 2
36 73 3 20971520 2
37 97 3 20971520 2
37 52 3 20971520 2
37 96 3 20971520 2
38 61 3 20971520 2
38 61 3 20971520 2
38 72 3 20971520 2
39 100 3 20971520 2
39 92 3 20971520 2
39 60 3 20971520 2
40 18 3 20971520 2
40 17 3 20971520 2
40 3 3 20971520 2
41 72 3 20971520 2
41 80 3 20971520 2
41 1 3 20971520 2
42 32 3 20971520 2
42 61 3 20971520 2
42 16 3 20971520 2
43 93 3 20971520 2
43 88 3 20971520 2
43 28 3 20971520 2
44 121 3 20971520 2
44 91 3 20971520 2
44 108 3 20971520 2
45 34 3 20971520 2
45 17 3 20971520 2
45 102 3 20971520 2
46 88 3 20971520 2
46 19 3 20971520 2
46 38 3 20971520 2
47 17 3 20971520 2
47 77 3 20971520 2
47 18 3 20971520 2
48 2 3 20971520 2
48 2 3 20971520 2
48 60 3 20971520 2
49 97 3 20971520 2
49 48 3 20971520 2
49 86 3 20971520 2
50 125 3 20971520 2
50 45 3 20971520 2
50 119 3 20971520 2
51 113 3 20971520 2
51 47 3 20971520 2
51 104 3 20971520 2
52 106 3 20971520 2
52 95 3 20971520 2
52 63 3 20971520 2
53 63 3 20971520 2
53 48 3 20971520 2
53 109 3 20971520 2
54 123 3 20971520 2
54 2 3 20971520 2
54 81 3 20971520 2
55 32 3 20971520 2
55 17 3 20971520 2
55 78 3 20971520 2
56 89 3 20971520 2
56 62 3 20971520 2
56 119 3 20971520 2
57 59 3 20971520 2
57 114 3 20971520 2
57 25 3 20971520 2
58 54 3 20971520 2
58 2 3 20971520 2
58 92 3 20971520 2
59 74 3 20971520 2
59 91 3 20971520 2
59 46 3 20971520 2
60 20 3 20971520 2
60 40 3 20971520 2
60 123 3 20971520 2
61 26 3 20971520 2
61 84 3 20971520 2
61 65 3 20971520 2
62 96 3 20971520 2
62 21 3 20971520 2
62 77 3 20971520 2
63 20 3 20971520 2
63 107 3 20971520 2
63 80 3 20971520 2
