385
0 26 3 20971520 2
0 124 3 20971520 2
0 101 3 20971520 2
1 92 3 20971520 2
1 105 3 20971520 2
1 89 3 20971520 2
2 24 3 20971520 2
2 9 3 20971520 2
2 85 3 20971520 2
3 77 3 20971520 2
3 69 3 20971520 2
3 102 3 20971520 2
4 93 3 20971520 2
4 20 3 20971520 2
4 67 3 20971520 2
5 88 3 20971520 2
5 86 3 20971520 2
5 55 3 20971520 2
6 9 3 20971520 2
6 30 3 20971520 2
6 90 3 20971520 2
7 36 3 20971520 2
7 67 3 20971520 2
7 77 3 20971520 2
8 45 3 20971520 2
8 59 3 20971520 2
8 52 3 20971520 2
9 22 3 20971520 2
9 116 3 20971520 2
9 91 3 20971520 2
10 105 3 20971520 2
10 96 3 20971520 2
10 113 3 20971520 2
11 97 3 20971520 2
11 5 3 20971520 2
11 1 3 20971520 2
12 21 3 20971520 2
12 67 3 20971520 2
12 42 3 20971520 2
13 81 3 20971520 2
13 106 3 20971520 2
13 89 3 20971520 2
14 7 3 20971520 2
14 89 3 20971520 2
14 95 3 20971520 2
15 121 3 20971520 2
15 31 3 20971520 2
15 23 3 20971520 2
16 94 3 20971520 2
16 27 3 20971520 2
16 85 3 20971520 2
17 59 3 20971520 2
17 49 3 20971520 2
17 10 3 20971520 2
18 94 3 20971520 2
18 47 3 20971520 2
18 55 3 20971520 2
19 37 3 20971520 2
19 84 3 20971520 2
19 98 3 20971520 2
20 90 3 20971520 2
20 101 3 20971520 2
20 10 3 20971520 2
21 77 3 20971520 2
21 29 3 20971520 2
21 14 3 20971520 2
22 42 3 20971520 2
22 118 3 20971520 2
22 4 3 20971520 2
23 99 3 20971520 2
23 81 3 20971520 2
23 4 3 20971520 2
24 0 3 20971520 2
24 115 3 20971520 2
24 12 3 20971520 2
25 10 3 20971520 2
25 37 3 20971520 2
25 28 3 20971520 2
26 31 3 20971520 2
26 78 3 20971520 2
26 124 3 20971520 2
27 18 3 20971520 2
27 126 3 20971520 2
27 77 3 20971520 2
28 75 3 20971520 2
28 14 3 20971520 2
28 65 3 20971520 2
29 102 3 20971520 2
29 71 3 20971520 2
29 49 3 20971520 2
30 119 3 20971520 2
30 85 3 20971520 2
30 89 3 20971520 2
31 37 3 20971520 2
31 29 3 20971520 2
31 83 3 20971520 2
32 82 3 20971520 2
32 105 3 20971520 2
32 16 3 20971520 2
33 125 3 20971520 2
33 37 3 20971520 2
33 0 3 20971520 2
34 18 3 20971520 2
34 77 3 20971520 2
34 115 3 20971520 2
35 34 3 20971520 2
35 43 3 20971520 2
35 37 3 20971520 2
36 126 3 20971520 2
36 74 3 20971520 2
36 109 3 20971520 2
37 87 3 20971520 2
37 56 3 20971520 2
37 97 3 20971520 2
38 68 3 20971520 2
38 117 3 20971520 2
38 62 3 20971520 2
39 66 3 20971520 2
39 49 3 20971520 2
39 111 3 20971520 2
40 123 3 20971520 2
40 15 3 20971520 2
40 72 3 20971520 2
41 39 3 20971520 2
41 5 3 20971520 2
41 61 3 20971520 2
42 61 3 20971520 2
42 38 3 20971520 2
42 104 3 20971520 2
43 9 3 20971520 2
43 105 3 20971520 2
43 6 3 20971520 2
44 49 3 20971520 2
44 31 3 20971520 2
44 79 3 20971520 2
45 22 3 20971520 2
45 65 3 20971520 2
45 34 3 20971520 2
46 15 3 20971520 2
46 107 3 20971520 2
46 116 3 20971520 2
47 112 3 20971520 2
47 105 3 20971520 2
47 31 3 20971520 2
48 81 3 20971520 2
48 84 3 20971520 2
48 58 3 20971520 2
49 109 3 20971520 2
49 113 3 20971520 2
49 108 3 20971520 2
50 119 3 20971520 2
50 57 3 20971520 2
50 8 3 20971520 2
51 71 3 20971520 2
51 61 3 20971520 2
51 28 3 20971520 2
52 88 3 20971520 2
52 127 3 20971520 2
52 91 3 20971520 2
53 29 3 20971520 2
53 40 3 20971520 2
53 119 3 20971520 2
54 96 3 20971520 2
54 66 3 20971520 2
54 58 3 20971520 2
55 100 3 20971520 2
55 85 3 20971520 2
55 34 3 20971520 2
56 92 3 20971520 2
56 75 3 20971520 2
56 31 3 20971520 2
57 62 3 20971520 2
57 43 3 20971520 2
57 102 3 20971520 2
58 38 3 20971520 2
58 24 3 20971520 2
58 46 3 20971520 2
59 71 3 20971520 2
59 100 3 20971520 2
59 92 3 20971520 2
60 71 3 20971520 2
60 18 3 20971520 2
60 12 3 20971520 2
61 21 3 20971520 2
61 11 3 20971520 2
61 41 3 20971520 2
62 74 3 20971520 2
62 122 3 20971520 2
62 21 3 20971520 2
63 42 3 20971520 2
63 87 3 20971520 2
63 50 3 20971520 2
64 15 3 20971520 2
64 77 3 20971520 2
64 77 3 20971520 2
65 77 3 20971520 2
65 121 3 20971520 2
65 53 3 20971520 2
66 35 3 20971520 2
66 38 3 20971520 2
66 118 3 20971520 2
67 93 3 20971520 2
67 125 3 20971520 2
67 15 3 20971520 2
68 42 3 20971520 2
68 65 3 20971520 2
68 29 3 20971520 2
69 66 3 20971520 2
69 53 3 20971520 2
69 100 3 20971520 2
70 32 3 20971520 2
70 100 3 20971520 2
70 9 3 20971520 2
71 84 3 20971520 2
71 43 3 20971520 2
71 126 3 20971520 2
72 95 3 20971520 2
72 76 3 20971520 2
72 28 3 20971520 2
73 86 3 20971520 2
73 124 3 20971520 2
73 89 3 20971520 2
74 56 3 20971520 2
74 26 3 20971520 2
74 75 3 20971520 2
75 54 3 20971520 2
75 95 3 20971520 2
75 118 3 20971520 2
76 53 3 20971520 2
76 125 3 20971520 2
76 119 3 20971520 2
77 21 3 20971520 2
77 51 3 20971520 2
77 18 3 20971520 2
78 107 3 20971520 2
78 100 3 20971520 2
78 94 3 20971520 2
79 32 3 20971520 2
79 99 3 20971520 2
79 17 3 20971520 2
80 94 3 20971520 2
80 4 3 20971520 2
80 0 3 20971520 2
81 98 3 20971520 2
81 67 3 20971520 2
81 7 3 20971520 2
82 75 3 20971520 2
82 37 3 20971520 2
82 26 3 20971520 2
83 85 3 20971520 2
83 17 3 20971520 2
83 2 3 20971520 2
84 73 3 20971520 2
84 31 3 20971520 2
84 91 3 20971520 2
85 83 3 20971520 2
85 123 3 20971520 2
85 20 3 20971520 2
86 90 3 20971520 2
86 18 3 20971520 2
86 80 3 20971520 2
87 62 3 20971520 2
87 35 3 20971520 2
87 49 3 20971520 2
88 55 3 20971520 2
88 11 3 20971520 2
88 85 3 20971520 2
89 67 3 20971520 2
89 19 3 20971520 2
89 15 3 20971520 2
90 91 3 20971520 2
90 116 3 20971520 2
90 4 3 20971520 2
91 121 3 20971520 2
91 2 3 20971520 2
91 108 3 20971520 2
92 73 3 20971520 2
92 25 3 20971520 2
92 44 3 20971520 2
93 89 3 20971520 2
93 109 3 20971520 2
93 112 3 20971520 2
94 51 3 20971520 2
94 5 3 20971520 2
94 18 3 20971520 2
95 33 3 20971520 2
95 74 3 20971520 2
95 91 3 20971520 2
96 103 3 20971520 2
96 52 3 20971520 2
96 107 3 20971520 2
97 89 3 20971520 2
97 75 3 20971520 2
97 40 3 20971520 2
98 119 3 20971520 2
98 0 3 20971520 2
98 106 3 20971520 2
99 75 3 20971520 2
99 45 3 20971520 2
99 45 3 20971520 2
100 66 3 20971520 2
100 86 3 20971520 2
100 89 3 20971520 2
101 55 3 20971520 2
101 124 3 20971520 2
101 59 3 20971520 2
102 17 3 20971520 2
102 90 3 20971520 2
102 67 3 20971520 2
103 113 3 20971520 2
103 44 3 20971520 2
103 43 3 20971520 2
104 3 3 20971520 2
104 120 3 20971520 2
104 44 3 20971520 2
105 34 3 20971520 2
105 29 3 20971520 2
105 4 3 20971520 2
106 47 3 20971520 2
106 15 3 20971520 2
106 25 3 20971520 2
107 97 3 20971520 2
107 64 3 20971520 2
107 74 3 20971520 2
108 29 3 20971520 2
108 102 3 20971520 2
108 105 3 20971520 2
109 12 3 20971520 2
109 80 3 20971520 2
109 76 3 20971520 2
110 35 3 20971520 2
110 102 3 20971520 2
110 87 3 20971520 2
111 108 3 20971520 2
111 74 3 20971520 2
111 63 3 20971520 2
112 68 3 20971520 2
112 19 3 20971520 2
112 95 3 20971520 2
113 5 3 20971520 2
113 123 3 20971520 2
113 105 3 20971520 2
114 10 3 20971520 2
114 124 3 20971520 2
114 70 3 20971520 2
115 33 3 20971520 2
115 51 3 20971520 2
115 13 3 20971520 2
116 21 3 20971520 2
116 30 3 20971520 2
116 81 3 20971520 2
117 29 3 20971520 2
117 55 3 20971520 2
117 9 3 20971520 2
118 24 3 20971520 2
118 23 3 20971520 2
118 44 3 20971520 2
119 68 3 20971520 2
119 36 3 20971520 2
119 77 3 20971520 2
120 40 3 20971520 2
120 20 3 20971520 2
120 2 3 20971520 2
121 71 3 20971520 2
121 22 3 20971520 2
121 9 3 20971520 2
122 125 3 20971520 2
122 88 3 20971520 2
122 70 3 20971520 2
123 77 3 20971520 2
123 54 3 20971520 2
123 118 3 20971520 2
124 16 3 20971520 2
124 122 3 20971520 2
124 85 3 20971520 2
125 28 3 20971520 2
125 88 3 20971520 2
125 119 3 20971520 2
126 127 3 20971520 2
126 7 3 20971520 2
126 122 3 20971520 2
127 106 3 20971520 2
127 8 3 20971520 2
127 115 3 20971520 2
0 9 3 100 2
